10.4526
30.9246
2.07332
18.128
8.5937
5.70956
5.31208
1.9462
0.00463219
4.22243
2.6787
29.3433
3.65447
8.17346
0.920352
9.52984
33.0039
2.84534
0.832561
4.02809
11.5591
8.05861
12.8861
3.19017
1.23416
1.64197
26.1466
1.40847
2.46152
5.43547
8.62151
46.6678
5.95961
0.765608
10.7886
1.11623
15.7021
4.06152
10.9222
2.11686
1.12609
23.3534
10.0399
23.019
7.60574
30.1071
10.153
0.731685
1.62694
7.78187
4.39253
5.13695
3.6839
13.8291
74.094
31.7263
6.06549
1.42862
6.40773
38.3907
4.86109
10.5047
0.206027
0.932749
14.3148
1.81681
6.57869
7.44321
14.6273
14.7787
14.5885
5.86809
5.19865
18.4056
0.320387
4.91058
11.4952
7.5923
0.529012
2.31097
16.2363
10.1945
19.5451
39.8167
15.5912
8.06268
6.51177
4.84949
8.83388
0.792001
6.94067
8.52584
1.61847
10.5388
3.92627
6.43687
11.7149
5.81898
45.7237
27.3954
2.16601
1.00277
4.10241
21.5541
0.636799
6.76453
5.4395
9.83406
5.79263
11.1026
8.42994
15.3575
11.6641
2.385
5.8249
2.97932
1.23134
6.05695
3.56995
2.7039
6.72389
0.150282
4.60239
40.3545
15.0674
18.3885
11.0021
1.82922
4.25841
10.1519
24.6836
3.8839
6.45076
17.7748
2.96329
7.33145
11.6392
4.07908
19.2357
6.62396
1.32564
6.56465
1.5716
10.0224
5.23824
0.976176
5.97444
3.51443
1.25202
3.23361
0.668971
9.8506
12.2706
4.4981
4.02594
2.51734
0.552983
29.2948
5.59721
19.2804
3.03215
4.05005
16.0812
8.40086
17.8073
7.26057
5.02441
17.8827
13.9782
15.857
0.284637
4.76758
0.980694
0.00576517
2.3985
0.713948
6.10566
24.5002
3.03877
25.8658
9.59264
6.43572
9.21537
3.57276
23.099
23.1934
2.34222
9.76737
18.1005
6.74108
14.1832
7.60914
5.27227
1.81618
6.89435
2.50211
9.95681
17.07
8.94541
19.1518
17.6735
39.0701
4.34922
0.631045
5.3753
1.07111
10.4414
7.9389
42.2389
14.5835
1.08552
4.81383
19.6195
60.2568
7.7602
7.44446
8.81519
1.43578
11.627
1.57608
9.8935
6.94254
1.0884
12.5975
1.41592
2.03311
5.54077
3.47822
17.6904
3.98084
3.67888
1.54562
12.124
14.8027
9.93221
15.4822
7.11315
14.1841
36.1684
7.62906
8.23154
11.9848
18.2176
4.1554
10.6829
52.1282
10.0058
0.706909
21.9917
7.75773
16.7486
2.61426
0.00420844
4.71916
2.47569
9.48169
0.0972091
0.330009
9.46296
3.4351
1.76985
3.4994
36.2354
15.9489
4.85224
44.7793
9.53617
14.7103
0.0199756
3.70049
4.92087
9.08858
5.39539
0.863191
10.7732
8.57707
5.03445
13.5336
2.76842
2.92876
2.0765
11.1638
0.240175
5.7756
6.04439
8.08151
7.81503
13.093
6.23548
1.31432
0.332312
9.10815
9.1158
32.4904
2.70033
3.55669
8.25735
4.38688
5.34746
18.1539
16.5272
2.77349
5.77805
0.619072
6.3729
8.58231
33.8347
4.48738
0.643246
1.54137
30.4285
5.92739
72.5236
3.80021
3.01895
6.51656
7.05171
2.14496
3.80498
27.4189
22.092
8.72365
20.182
2.56938
5.20301
13.7578
12.8554
19.2957
10.0613
0.101568
25.3737
11.1039
8.98658
8.95757
7.61327
4.68275
6.34064
10.2546
1.25856
1.14158
12.921
3.22451
0.541853
0.583854
10.0025
16.0897
34.751
17.2249
4.39702
3.46824
27.844
51.1668
8.78797
17.0953
6.06332
15.7464
6.15142
3.21737
1.78982
2.64121
19.8623
9.49698
34.8812
9.03746
0.632058
1.92607
30.5836
3.36451
18.9717
28.4191
14.6879
4.94824
1.44364
0.528835
6.09944
11.1892
16.7223
16.6566
10.2288
0.591839
30.0606
7.68967
11.2543
4.72524
15.4905
1.80127
3.61168
4.0741
1.67555
2.51445
2.32046
11.3583
40.6104
37.5671
1.67366
4.23382
6.8346
5.81337
15.7916
16.5509
2.57464
4.29764
11.5638
18.9103
4.32053
40.8314
7.58314
0.863213
0.477524
1.6014
5.31945
38.7055
9.92054
7.35584
23.1495
0.202072
12.5573
8.09387
8.12369
8.45018
18.1275
13.2691
8.113
7.25904
16.4653
1.96088
4.49597
24.5805
9.9556
1.2651
12.8365
3.62142
8.62642
39.6325
8.01366
9.12265
1.09405
14.5617
14.6793
5.12816
26.1812
6.93575
1.95319
3.15308
14.8159
2.40574
2.26687
2.49661
0.388505
29.5487
0.347059
2.28897
0.0716861
11.7646
9.68473
13.4759
3.7634
17.4056
9.59015
0.443487
6.84536
3.74533
0.463126
4.91506
3.63109
9.35561
15.1171
4.16597
3.15934
1.32727
4.32966
5.30731
2.38538
2.58492
30.3906
24.6029
2.38689
2.46856
11.5782
8.45573
1.38484
3.06935
15.781
8.80373
5.25941
0.0133283
0.0677709
19.1977
11.9141
20.5291
14.4515
0.62114
0.489258
14.4927
22.7148
5.53225
3.68273
25.2662
3.48062
9.00124
9.11645
10.1413
4.12359
28.9705
1.90928
15.9411
2.79733
1.65664
41.5737
38.9439
7.85463
7.57423
1.39837
13.4702
2.81102
10.3141
10.7629
6.88965
2.21156
0.341031
12.8689
15.3071
14.5839
25.9375
15.0086
20.1907
4.279
5.14087
28.7175
17.6174
11.465
4.01334
3.87231
0.619001
9.84105
8.05126
4.80941
14.6076
2.26567
0.357868
29.3093
35.4147
1.76011
7.7
1.03599
21.0789
20.311
25.4033
9.62714
7.95121
17.8835
2.90583
0.259822
3.02777
4.57984
4.00521
1.96808
7.55243
15.8441
8.44242
10.1904
6.91405
5.8974
8.41512
6.78955
7.41883
16.4758
5.25581
8.46526
11.2523
2.51499
2.12327
47.4377
3.47812
4.24513
14.5519
3.57623
9.85439
11.2323
26.1858
2.85607
1.7394
4.03715
14.532
0.233093
16.5938
4.15976
10.4771
5.00778
1.40785
40.8758
23.7582
3.89798
11.3774
7.10104
8.91332
24.1203
7.14243
3.5299
4.55006
0.597372
2.56465
29.6157
12.3324
4.60466
2.27237
7.17171
6.43006
2.97754
7.18484
2.51039
6.44059
3.11026
2.03919
16.3068
17.4481
15.502
11.3011
6.09932
0.173453
16.0704
29.3999
3.48732
14.0029
15.0461
21.2169
14.6937
5.17007
6.82981
8.30337
0.172716
3.09737
24.2978
5.17438
1.65284
2.62951
13.3364
8.48786
53.7431
13.2064
6.92208
3.09624
42.5644
12.5867
17.1215
40.1073
0.0756587
10.9894
20.801
1.59089
23.7584
7.78886
16.1216
4.7455
14.6926
2.35296
2.33099
0.589457
3.71926
14.6474
19.5637
4.37298
30.6422
29.2191
9.94019
18.7927
11.3516
15.8045
0.805435
12.5491
3.046
3.67876
2.8694
50.0169
6.2043
14.2608
3.64518
4.83247
5.13884
3.75893
1.13823
14.1632
6.99637
15.6731
41.4571
7.60578
4.69197
6.29943
2.84897
7.30319
2.24516
24.6682
2.99716
2.53892
15.4511
22.2943
10.5505
4.29711
3.0581
18.2577
15.8116
17.6754
1.24999
33.259
0.135495
18.7934
91.0024
17.8074
29.2381
13.6028
5.1506
47.527
2.18849
0.4786
6.35081
5.95442
38.3143
2.81517
64.4133
18.9291
28.0823
7.96096
4.82065
10.9724
0.0387629
31.7822
17.6706
19.6552
0.659205
11.7913
16.1264
5.58175
2.51281
7.79507
0.125974
12.0088
16.1744
4.45184
5.21153
0.952022
32.3265
8.00527
9.22576
5.93357
7.79693
0.434545
14.4781
17.0699
13.0652
15.0253
0.530914
1.68869
22.2163
8.27211
10.623
8.06897
8.10989
10.7309
3.45607
0.268939
3.23706
0.0290099
11.6844
4.01906
11.3431
23.192
2.55356
2.98058
10.5913
0.336931
11.5699
8.06366
8.79665
18.3578
5.35383
11.5233
19.3139
2.414
8.85141
4.12834
11.7932
11.0766
0.191774
38.4979
22.8735
9.94294
0.65587
11.7329
24.9454
11.3831
11.2498
0.113527
7.0321
3.97145
23.1102
5.90501
32.4107
6.00418
12.3039
10.5072
8.41252
19.2554
31.1043
17.4313
4.5038
4.56372
5.85171
4.98182
0.545205
3.67022
10.6659
10.6129
18.281
25.8059
8.12452
6.50831
2.20473
12.5347
1.84963
9.28081
0.857812
81.2517
10.3899
19.4385
39.7307
4.39786
4.40816
0.515766
11.8109
13.5122
5.78319
3.27975
2.53261
5.03689
1.11459
12.2928
4.44592
1.91964
21.975
50.7887
8.60529
2.54564
2.49748
14.8814
0.153528
28.0725
1.30801
21.0291
10.8794
0.899887
14.6625
51.5175
32.8485
1.22397
4.61987
6.3138
33.0753
7.51544
2.83717
9.53898
4.22418
4.16182
38.9972
0.227278
1.87863
1.57215
11.3371
1.73999
0.00204325
8.48008
5.82953
11.3978
2.96629
2.92371
10.7363
3.1536
23.3648
5.78623
25.8354
1.67078
46.9891
3.75785
18.1321
13.5077
22.7049
5.29332
5.12188
11.4921
53.4876
26.9627
10.0343
15.33
0.306513
11.0541
7.19251
28.0611
2.2757
6.21219
7.74215
0.66121
4.20168
20.5869
14.6918
6.66011
12.3585
7.8915
13.4835
8.32394
10.5826
4.94198
15.5569
0.49048
1.60947
9.51374
0.662194
18.9344
1.40638
5.43539
19.8929
1.65622
1.35927
2.59825
0.984675
11.2773
16.4409
6.90648
45.6818
1.77034
15.1565
13.4187
5.99018
6.06367
5.27125
2.35215
3.57036
13.6407
11.4968
16.8497
21.636
8.38387
2.98797
11.3619
2.84801
9.63046
6.11594
4.22235
11.567
1.63168
6.27216
11.6391
5.04044
20.4627
4.61085
20.2534
35.9252
10.3222
0.424138
3.16326
8.87667
2.53807
0.850913
7.34845
6.71091
0.988937
6.56528
6.55756
6.54886
22.7013
9.5122
12.4031
1.85868
18.924
0.159167
4.75173
1.83018
4.23348
5.54837
9.86157
2.32513
15.4641
6.9797
27.6575
0.238038
7.16931
48.2347
4.81796
8.37511
12.7376
1.44211
7.57868
8.21985
1.23434
4.89061
15.9906
8.34698
11.3257
16.7504
13.11
8.77946
4.35914
15.019
14.4868
14.4193
15.2657
14.6348
15.2065
15.4443
14.6899
15.4282
14.7004
15.3584
15.4323
15.2148
13.7764
15.5668
14.7485
14.2635
14.1769
15.4154
14.5684
15.2123
15.2584
14.4805
14.7378
13.8544
15.3413
14.3902
14.9068
15.4021
14.9807
15.9823
15.3724
14.8394
15.3911
14.6574
16.0387
14.9131
14.7012
15.3287
15.4675
